214
0
175
226
88
105
163
39
181
190
51
39
35
139
19
227
153
55
236
175
14
60
192
158
13
167
229
222
128
101
44
81
71
31
165
178
180
10
88
168
125
177
165
248
90
212
248
178
100
184
64
76
214
93
27
119
102
21
202
11
247
105
88
10
241
170
177
9
93
239
181
2
119
86
0
36
187
66
108
69
58
183
181
207
180
201
228
213
108
65
68
149
188
8
99
116
126
100
207
69
33
40
252
64
253
220
196
248
32
225
239
164
9
40
97
229
192
65
215
253
102
7
115
74
88
219
41
158
119
168
212
21
43
191
12
215
30
183
86
205
58
40
156
60
95
3
242
91
226
146
154
